   0.0000000e+00
   0.0000000e+00
   0.0000000e+00
   0.0000000e+00
   0.0000000e+00
   0.0000000e+00
   0.0000000e+00
   0.0000000e+00
   0.0000000e+00
   0.0000000e+00
   0.0000000e+00
   0.0000000e+00
   0.0000000e+00
   0.0000000e+00
   0.0000000e+00
   0.0000000e+00
   0.0000000e+00
   0.0000000e+00
   0.0000000e+00
   0.0000000e+00
   0.0000000e+00
   0.0000000e+00
   0.0000000e+00
   0.0000000e+00
   0.0000000e+00
   0.0000000e+00
   0.0000000e+00
   0.0000000e+00
   0.0000000e+00
   0.0000000e+00
   0.0000000e+00
   0.0000000e+00
   0.0000000e+00
   0.0000000e+00
   0.0000000e+00
   0.0000000e+00
   0.0000000e+00
   0.0000000e+00
   0.0000000e+00
   0.0000000e+00
   0.0000000e+00
   0.0000000e+00
   0.0000000e+00
   0.0000000e+00
   0.0000000e+00
   0.0000000e+00
   0.0000000e+00
   0.0000000e+00
   0.0000000e+00
   0.0000000e+00
   0.0000000e+00
   0.0000000e+00
   0.0000000e+00
   0.0000000e+00
   0.0000000e+00
   0.0000000e+00
   0.0000000e+00
   0.0000000e+00
   0.0000000e+00
   0.0000000e+00
   0.0000000e+00
   0.0000000e+00
   0.0000000e+00
   0.0000000e+00
   0.0000000e+00
   0.0000000e+00
   0.0000000e+00
   0.0000000e+00
   0.0000000e+00
   0.0000000e+00
   0.0000000e+00
   0.0000000e+00
   0.0000000e+00
   0.0000000e+00
   0.0000000e+00
   0.0000000e+00
   0.0000000e+00
   0.0000000e+00
   0.0000000e+00
   0.0000000e+00
   0.0000000e+00
   0.0000000e+00
   0.0000000e+00
   0.0000000e+00
   0.0000000e+00
   0.0000000e+00
   0.0000000e+00
   0.0000000e+00
   0.0000000e+00
   0.0000000e+00
   0.0000000e+00
   0.0000000e+00
   0.0000000e+00
   0.0000000e+00
   0.0000000e+00
   0.0000000e+00
   0.0000000e+00
   0.0000000e+00
   0.0000000e+00
   0.0000000e+00
   0.0000000e+00
   0.0000000e+00
   0.0000000e+00
   0.0000000e+00
   0.0000000e+00
   0.0000000e+00
   0.0000000e+00
   0.0000000e+00
   0.0000000e+00
   0.0000000e+00
   0.0000000e+00
   0.0000000e+00
   0.0000000e+00
   0.0000000e+00
   0.0000000e+00
   0.0000000e+00
   0.0000000e+00
   0.0000000e+00
   0.0000000e+00
   0.0000000e+00
   0.0000000e+00
   0.0000000e+00
   0.0000000e+00
   0.0000000e+00
   0.0000000e+00
   0.0000000e+00
   0.0000000e+00
   0.0000000e+00
   0.0000000e+00
   0.0000000e+00
   0.0000000e+00
   0.0000000e+00
   0.0000000e+00
   0.0000000e+00
   0.0000000e+00
   0.0000000e+00
   0.0000000e+00
   0.0000000e+00
   0.0000000e+00
   2.3643125e-56
   2.6269282e-54
   1.8195778e-52
   8.7460942e-51
   3.2568525e-49
   9.8756373e-48
   2.5261827e-46
   5.5859836e-45
   1.0873955e-43
   1.8899421e-42
   2.9658923e-41
   4.2411161e-40
   5.5682910e-39
   6.7555965e-38
   7.6152492e-37
   8.0138054e-36
   7.9053529e-35
   7.3368463e-34
   6.4269000e-33
   5.3289876e-32
   4.1933147e-31
   3.1386877e-30
   2.2393902e-29
   1.5259231e-28
   9.9475085e-28
   6.2139594e-27
   3.7250475e-26
   2.1458082e-25
   1.1892874e-24
   6.3492154e-24
   3.2685442e-23
   1.6241277e-22
   7.7968219e-22
   3.6192540e-21
   1.6258163e-20
   7.0729145e-20
   2.9819598e-19
   1.2191677e-18
   4.8366721e-18
   1.8629326e-17
   6.9701862e-17
   2.5345596e-16
   8.9613026e-16
   3.0820253e-15
   1.0315031e-14
   3.3607376e-14
   1.0662936e-13
   3.2955975e-13
   9.9250448e-13
   2.9133106e-12
   8.3368417e-12
   2.3263275e-11
   6.3310907e-11
   1.6807311e-10
   4.3530479e-10
   1.1000626e-09
   2.7127702e-09
   6.5284871e-09
   1.5333366e-08
   3.5147799e-08
   7.8630847e-08
   1.7167545e-07
   3.6577759e-07
   7.6046444e-07
   1.5425455e-06
   3.0522653e-06
   5.8903617e-06
   1.1083767e-05
   2.0329505e-05
   3.6333187e-05
   6.3245882e-05
   1.0717537e-04
   1.7669947e-04
   2.8323773e-04
   4.4104826e-04
   6.6652644e-04
   9.7642650e-04
   1.3846594e-03
   1.8975050e-03
   2.5074679e-03
   3.1866207e-03
   3.8810384e-03
   4.5086516e-03
   4.9632004e-03
   5.1265744e-03
   4.8903216e-03
   4.1844103e-03
   3.0078025e-03
   1.4520180e-03
  -2.9289175e-04
  -1.9590475e-03
  -3.2514434e-03
  -3.9222588e-03
  -3.8510900e-03
  -3.1047156e-03
  -1.9488620e-03
  -7.9441839e-04
  -8.1492105e-05
  -1.3105014e-04
  -1.0153963e-03
  -2.5036799e-03
  -4.1194579e-03
  -5.3060656e-03
  -5.6460965e-03
  -5.0459971e-03
  -3.7969961e-03
  -2.4677324e-03
  -1.6590546e-03
  -1.7245817e-03
  -2.5921924e-03
  -3.7865554e-03
  -4.6585208e-03
  -4.7165227e-03
  -3.8885568e-03
  -2.5659477e-03
  -1.3913094e-03
  -8.9824643e-04
  -1.2057105e-03
  -1.9509768e-03
  -2.5111220e-03
  -2.3866782e-03
  -1.5120644e-03
  -2.9283950e-04
   6.6112825e-04
   9.3743554e-04
   5.9152002e-04
   9.9534108e-05
   2.1363433e-05
   6.0585621e-04
   1.6180436e-03
   2.5152726e-03
   2.8471356e-03
   2.5854366e-03
   2.1365263e-03
   2.0243430e-03
   2.4850974e-03
   3.2875258e-03
   3.9209466e-03
   4.0038343e-03
   3.5865681e-03
   3.1029461e-03
   3.0088629e-03
   3.4053049e-03
   3.9595676e-03
   4.1915725e-03
   3.8832647e-03
   3.2612384e-03
   2.7948618e-03
   2.7850458e-03
   3.1038648e-03
   3.3149921e-03
   3.0677688e-03
   2.4115599e-03
   1.7465818e-03
   1.4561972e-03
   1.5577195e-03
   1.6936377e-03
   1.4708899e-03
   8.3063723e-04
   1.0082907e-04
  -3.1752355e-04
  -3.3094608e-04
  -2.3638663e-04
  -4.2734624e-04
  -1.0089999e-03
  -1.6975423e-03
  -2.1014843e-03
  -2.1066321e-03
  -1.9832409e-03
  -2.1096620e-03
  -2.5903609e-03
  -3.1528291e-03
  -3.4264866e-03
  -3.3188220e-03
  -3.1046650e-03
  -3.1383516e-03
  -3.4867470e-03
  -3.8630632e-03
  -3.9289734e-03
  -3.6480181e-03
  -3.3195967e-03
  -3.2594356e-03
  -3.4659880e-03
  -3.6266229e-03
  -3.4553455e-03
  -2.9993338e-03
  -2.5851122e-03
  -2.4641458e-03
  -2.5432035e-03
  -2.4917673e-03
  -2.1069861e-03
  -1.5358421e-03
  -1.1117112e-03
  -9.8702858e-04
  -9.6920016e-04
  -7.4106730e-04
  -2.1802949e-04
   3.5802896e-04
   6.9104549e-04
   7.6118604e-04
   8.4133808e-04
   1.1826065e-03
   1.7270025e-03
   2.1745883e-03
   2.3263590e-03
   2.3082342e-03
   2.4203343e-03
   2.7877362e-03
   3.2162907e-03
   3.4190565e-03
   3.3488488e-03
   3.2489983e-03
   3.3647877e-03
   3.6557128e-03
   3.8456409e-03
   3.7494220e-03
   3.4897784e-03
   3.3488897e-03
   3.4324774e-03
   3.5467824e-03
   3.4333501e-03
   3.0787783e-03
   2.7290680e-03
   2.5935084e-03
   2.5952523e-03
   2.4686902e-03
   2.0840623e-03
   1.6048958e-03
   1.2888417e-03
   1.1764397e-03
   1.0467400e-03
   6.9207125e-04
   1.7447516e-04
  -2.5034733e-04
  -4.4603699e-04
  -5.5884613e-04
  -8.3156152e-04
  -1.3002170e-03
  -1.7488587e-03
  -1.9768476e-03
  -2.0450891e-03
  -2.1949025e-03
  -2.5430735e-03
  -2.9353005e-03
  -3.1396875e-03
  -3.1358371e-03
  -3.1365758e-03
  -3.3165197e-03
  -3.5912716e-03
  -3.7255261e-03
  -3.6308519e-03
  -3.4752579e-03
  -3.4674391e-03
  -3.5914323e-03
  -3.6292288e-03
  -3.4408193e-03
  -3.1425317e-03
  -2.9566846e-03
  -2.9274412e-03
  -2.8674065e-03
  -2.6018123e-03
  -2.1948268e-03
  -1.8666450e-03
  -1.7103176e-03
  -1.5754441e-03
  -1.2675175e-03
  -8.0261702e-04
  -3.8738708e-04
  -1.5202468e-04
   1.5158888e-05
   3.1684796e-04
   7.7858543e-04
   1.2140410e-03
   1.4670776e-03
   1.6123533e-03
   1.8521738e-03
   2.2466771e-03
   2.6330201e-03
   2.8386053e-03
   2.9053321e-03
   3.0295055e-03
   3.2988511e-03
   3.5752524e-03
   3.6774963e-03
   3.6199973e-03
   3.5904009e-03
   3.6979429e-03
   3.8286351e-03
   3.7988195e-03
   3.6006908e-03
   3.4118942e-03
   3.3577581e-03
   3.3457349e-03
   3.1929809e-03
   2.8738746e-03
   2.5550126e-03
   2.3722025e-03
   2.2505511e-03
   2.0094971e-03
   1.6094170e-03
   1.2062608e-03
   9.4212854e-04
   7.5646279e-04
   4.7266187e-04
   4.1199980e-05
  -3.9109431e-04
  -6.7850422e-04
  -8.7065481e-04
  -1.1398776e-03
  -1.5426073e-03
  -1.9404047e-03
  -2.1870862e-03
  -2.3252269e-03
  -2.5236483e-03
  -2.8431073e-03
  -3.1517836e-03
  -3.3049159e-03
  -3.3409229e-03
  -3.4253233e-03
  -3.6209218e-03
  -3.8010843e-03
  -3.8244067e-03
  -3.7285122e-03
  -3.6762090e-03
  -3.7299934e-03
  -3.7667445e-03
  -3.6494853e-03
  -3.4173352e-03
  -3.2308235e-03
  -3.1500572e-03
  -3.0539638e-03
  -2.8112294e-03
  -2.4643773e-03
  -2.1715672e-03
  -1.9884052e-03
  -1.7941761e-03
  -1.4640429e-03
  -1.0457110e-03
  -6.9468473e-04
  -4.5992692e-04
  -2.1967394e-04
   1.4384760e-04
   5.7650849e-04
   9.2597617e-04
   1.1521475e-03
   1.3789641e-03
   1.7162440e-03
   2.1026325e-03
   2.3899282e-03
   2.5488955e-03
   2.7065083e-03
   2.9635843e-03
   3.2508529e-03
   3.4255733e-03
   3.4711621e-03
   3.5178786e-03
   3.6564696e-03
   3.8092753e-03
   3.8403780e-03
   3.7474225e-03
   3.6635892e-03
   3.6681811e-03
   3.6750494e-03
   3.5565114e-03
   3.3255318e-03
   3.1173566e-03
   2.9981568e-03
   2.8733735e-03
   2.6252063e-03
   2.2824819e-03
   1.9809845e-03
   1.7720029e-03
   1.5528306e-03
   1.2172845e-03
   8.1019512e-04
   4.6561693e-04
   2.1818910e-04
  -4.2174511e-05
  -4.0836873e-04
  -8.1995443e-04
  -1.1473234e-03
  -1.3741950e-03
  -1.6166892e-03
  -1.9526894e-03
  -2.3072569e-03
  -2.5582231e-03
  -2.7089440e-03
  -2.8797596e-03
  -3.1317857e-03
  -3.3772412e-03
  -3.5046561e-03
  -3.5376177e-03
  -3.5982668e-03
  -3.7293907e-03
  -3.8324385e-03
  -3.8099119e-03
  -3.7055374e-03
  -3.6401122e-03
  -3.6367855e-03
  -3.5888530e-03
  -3.4157520e-03
  -3.1804255e-03
  -2.9986534e-03
  -2.8728830e-03
  -2.6914255e-03
  -2.3932329e-03
  -2.0584627e-03
  -1.7938783e-03
  -1.5806761e-03
  -1.3057228e-03
  -9.2958138e-04
  -5.4656598e-04
  -2.5018758e-04
  -6.8230091e-07
   3.1266019e-04
   7.0636669e-04
   1.0758901e-03
   1.3451323e-03
   1.5736043e-03
   1.8653942e-03
   2.2137993e-03
   2.5087382e-03
   2.6951245e-03
   2.8500254e-03
   3.0665943e-03
   3.3155115e-03
   3.4864909e-03
   3.5481871e-03
   3.5918639e-03
   3.6956183e-03
   3.8091278e-03
   3.8274636e-03
   3.7446693e-03
   3.6616888e-03
   3.6378124e-03
   3.6044482e-03
   3.4674351e-03
   3.2464800e-03
   3.0467938e-03
   2.9056678e-03
   2.7400470e-03
   2.4715879e-03
   2.1442758e-03
   1.8615157e-03
   1.6364137e-03
   1.3761504e-03
   1.0225238e-03
   6.4077484e-04
   3.2608100e-04
   6.6532961e-05
  -2.3500639e-04
  -6.1341617e-04
  -9.8669229e-04
  -1.2741764e-03
  -1.5121011e-03
  -1.7958663e-03
  -2.1353030e-03
  -2.4374784e-03
  -2.6417424e-03
  -2.8062940e-03
  -3.0185876e-03
  -3.2632409e-03
  -3.4432083e-03
  -3.5220644e-03
  -3.5758597e-03
  -3.6782018e-03
  -3.7900237e-03
  -3.8174139e-03
  -3.7507059e-03
  -3.6780695e-03
  -3.6540955e-03
  -3.6193316e-03
  -3.4900587e-03
  -3.2838385e-03
  -3.0940572e-03
  -2.9522485e-03
  -2.7834666e-03
  -2.5205774e-03
  -2.2065223e-03
  -1.9323082e-03
  -1.7040325e-03
  -1.4373848e-03
  -1.0869799e-03
  -7.1707335e-04
  -4.0855756e-04
  -1.4175265e-04
   1.6999733e-04
   5.4697007e-04
   9.0960097e-04
   1.1942249e-03
   1.4444400e-03
   1.7418331e-03
   2.0804133e-03
   2.3728117e-03
   2.5782621e-03
   2.7602629e-03
   2.9881881e-03
   3.2309220e-03
   3.4016828e-03
   3.4861956e-03
   3.5618223e-03
   3.6795856e-03
   3.7866824e-03
   3.8053158e-03
   3.7488038e-03
   3.7007696e-03
   3.6893248e-03
   3.6455568e-03
   3.5081789e-03
   3.3163989e-03
   3.1517008e-03
   3.0168246e-03
   2.8339506e-03
   2.5641842e-03
   2.2681390e-03
   2.0168128e-03
   1.7876127e-03
   1.5019146e-03
   1.1468014e-03
   7.9743867e-04
   5.0691270e-04
   2.2998909e-04
  -1.0456642e-04
  -4.8289611e-04
  -8.2376893e-04
  -1.0976594e-03
  -1.3672951e-03
  -1.6890224e-03
  -2.0244007e-03
  -2.2953709e-03
  -2.4990219e-03
  -2.7084719e-03
  -2.9592501e-03
  -3.1932626e-03
  -3.3446059e-03
  -3.4369781e-03
  -3.5454792e-03
  -3.6812379e-03
  -3.7736700e-03
  -3.7766064e-03
  -3.7372269e-03
  -3.7238238e-03
  -3.7223306e-03
  -3.6583222e-03
  -3.5105531e-03
  -3.3436737e-03
  -3.2110848e-03
  -3.0756736e-03
  -2.8682909e-03
  -2.5947257e-03
  -2.3288393e-03
  -2.1028074e-03
  -1.8613940e-03
  -1.5491641e-03
  -1.1976688e-03
  -8.8044888e-04
  -6.0471469e-04
  -3.0432122e-04
   5.5800927e-05
   4.2291916e-04
   7.3334171e-04
   1.0054425e-03
   1.3076335e-03
   1.6505829e-03
   1.9677863e-03
   2.2136397e-03
   2.4293520e-03
   2.6766955e-03
   2.9410821e-03
   3.1514568e-03
   3.2861666e-03
   3.4033995e-03
   3.5502463e-03
   3.6894107e-03
   3.7550541e-03
   3.7520635e-03
   3.7474361e-03
   3.7674728e-03
   3.7577902e-03
   3.6667837e-03
   3.5247434e-03
   3.3980558e-03
   3.2889686e-03
   3.1339502e-03
   2.9026187e-03
   2.6459108e-03
   2.4202227e-03
   2.2038560e-03
   1.9333073e-03
   1.6033427e-03
   1.2778022e-03
   9.9509776e-04
   7.1312991e-04
   3.7755268e-04
   8.4948323e-06
  -3.2691155e-04
  -6.1362112e-04
  -9.0764198e-04
  -1.2463807e-03
  -1.5879133e-03
  -1.8719217e-03
  -2.1085817e-03
  -2.3592894e-03
  -2.6393073e-03
  -2.8916998e-03
  -3.0720322e-03
  -3.2137372e-03
  -3.3742431e-03
  -3.5448763e-03
  -3.6627158e-03
  -3.7057534e-03
  -3.7251832e-03
  -3.7657394e-03
  -3.7966574e-03
  -3.7589524e-03
  -3.6560497e-03
  -3.5486275e-03
  -3.4620263e-03
  -3.3486357e-03
  -3.1626237e-03
  -2.9318542e-03
  -2.7167125e-03
  -2.5195013e-03
  -2.2836566e-03
  -1.9835496e-03
  -1.6665627e-03
  -1.3830892e-03
  -1.1124308e-03
  -7.9835148e-04
  -4.3916681e-04
  -9.3690113e-05
   2.0572900e-04
   4.9901690e-04
   8.3290825e-04
   1.1853644e-03
   1.4960933e-03
   1.7558172e-03
   2.0167641e-03
   2.3086417e-03
   2.5898449e-03
   2.8087530e-03
   2.9803067e-03
   3.1600607e-03
   3.3561004e-03
   3.5146923e-03
   3.6014535e-03
   3.6525928e-03
   3.7175286e-03
   3.7818012e-03
   3.7890095e-03
   3.7275518e-03
   3.6482947e-03
   3.5862229e-03
   3.5072772e-03
   3.3621710e-03
   3.1636819e-03
   2.9682389e-03
   2.7906222e-03
   2.5835185e-03
   2.3131908e-03
   2.0141002e-03
   1.7382852e-03
   1.4780977e-03
   1.1815502e-03
   8.3612743e-04
   4.9145283e-04
   1.8604690e-04
  -1.0838002e-04
  -4.3917608e-04
  -7.9578756e-04
  -1.1225776e-03
  -1.4012287e-03
  -1.6752083e-03
  -1.9787792e-03
  -2.2806644e-03
  -2.5293966e-03
  -2.7298283e-03
  -2.9324401e-03
  -3.1523971e-03
  -3.3438028e-03
  -3.4687353e-03
  -3.5539107e-03
  -3.6474069e-03
  -3.7428595e-03
  -3.7885268e-03
  -3.7668214e-03
  -3.7209643e-03
  -3.6877444e-03
  -3.6408765e-03
  -3.5325767e-03
  -3.3685173e-03
  -3.2000035e-03
  -3.0458656e-03
  -2.8652719e-03
  -2.6233399e-03
  -2.3474944e-03
  -2.0872873e-03
  -1.8403913e-03
  -1.5595108e-03
  -1.2290736e-03
  -8.9259736e-04
  -5.8850449e-04
  -2.9422177e-04
   3.4821632e-05
   3.9225078e-04
   7.2710441e-04
   1.0192461e-03
   1.3066902e-03
   1.6227165e-03
   1.9406711e-03
   2.2121070e-03
   2.4386971e-03
   2.6662125e-03
   2.9103441e-03
   3.1297344e-03
   3.2878547e-03
   3.4074036e-03
   3.5328039e-03
   3.6594068e-03
   3.7395163e-03
   3.7555129e-03
   3.7462655e-03
   3.7460635e-03
   3.7312261e-03
   3.6573069e-03
   3.5287576e-03
   3.3926239e-03
   3.2663992e-03
   3.1124396e-03
   2.8984556e-03
   2.6497173e-03
   2.4118468e-03
   2.1823525e-03
   1.9175066e-03
   1.6035428e-03
   1.2811251e-03
   9.8522847e-04
   6.9427146e-04
   3.6754807e-04
   1.2351634e-05
  -3.2381581e-04
  -6.2354983e-04
  -9.2269356e-04
  -1.2505396e-03
  -1.5805532e-03
  -1.8682929e-03
  -2.1171467e-03
  -2.3694516e-03
  -2.6371722e-03
  -2.8803695e-03
  -3.0668003e-03
  -3.2194924e-03
  -3.3782691e-03
  -3.5355631e-03
  -3.6466298e-03
  -3.6979088e-03
  -3.7268045e-03
  -3.7623026e-03
  -3.7792885e-03
  -3.7377072e-03
  -3.6451560e-03
  -3.5452425e-03
  -3.4502200e-03
  -3.3231225e-03
  -3.1369870e-03
  -2.9185341e-03
  -2.7082524e-03
  -2.4994555e-03
  -2.2514461e-03
  -1.9558809e-03
  -1.6525882e-03
  -1.3704196e-03
  -1.0856364e-03
  -7.6263832e-04
  -4.1317051e-04
  -8.1488121e-05
   2.2107962e-04
   5.2984575e-04
   8.6766014e-04
   1.2055171e-03
   1.5042800e-03
   1.7721627e-03
   2.0481542e-03
   2.3375651e-03
   2.6006098e-03
   2.8116220e-03
   2.9961764e-03
   3.1882935e-03
   3.3748337e-03
   3.5140380e-03
   3.5990344e-03
   3.6668522e-03
   3.7390982e-03
   3.7873055e-03
   3.7769749e-03
   3.7212208e-03
   3.6601304e-03
   3.5983166e-03
   3.4985215e-03
   3.3410682e-03
   3.1558742e-03
   2.9770940e-03
   2.7916059e-03
   2.5619042e-03
   2.2873468e-03
   2.0077308e-03
   1.7437679e-03
   1.4678888e-03
   1.1508996e-03
   8.1113011e-04
   4.8915179e-04
   1.8786939e-04
  -1.2812016e-04
  -4.7312113e-04
  -8.1420969e-04
  -1.1191834e-03
  -1.4031983e-03
  -1.7011360e-03
  -2.0093011e-03
  -2.2878886e-03
  -2.5201591e-03
  -2.7354073e-03
  -2.9599138e-03
  -3.1730725e-03
  -3.3373956e-03
  -3.4550755e-03
  -3.5624258e-03
  -3.6711874e-03
  -3.7488904e-03
  -3.7688943e-03
  -3.7513866e-03
  -3.7311458e-03
  -3.7029347e-03
  -3.6301717e-03
  -3.5029958e-03
  -3.3545309e-03
  -3.2100347e-03
  -3.0489048e-03
  -2.8390363e-03
  -2.5893323e-03
  -2.3379616e-03
  -2.0950606e-03
  -1.8298559e-03
  -1.5221685e-03
  -1.1972840e-03
  -8.8954884e-04
  -5.9203770e-04
  -2.7127436e-04
   7.6405153e-05
   4.1543454e-04
   7.2311937e-04
   1.0213594e-03
   1.3383368e-03
   1.6605410e-03
   1.9504995e-03
   2.2021589e-03
   2.4468771e-03
   2.7008791e-03
   2.9368478e-03
   3.1241555e-03
   3.2744153e-03
   3.4208060e-03
   3.5638661e-03
   3.6690472e-03
   3.7196597e-03
   3.7418960e-03
   3.7627707e-03
   3.7672097e-03
   3.7217271e-03
   3.6273178e-03
   3.5183019e-03
   3.4091330e-03
   3.2729443e-03
   3.0853856e-03
   2.8646828e-03
   2.6449473e-03
   2.4248254e-03
   2.1723482e-03
   1.8781568e-03
   1.5731820e-03
   1.2831208e-03
   9.9145484e-04
   6.6910056e-04
   3.2388183e-04
  -8.1410556e-06
  -3.1571254e-04
  -6.2615371e-04
  -9.5839912e-04
  -1.2894336e-03
  -1.5868812e-03
  -1.8563280e-03
  -2.1288534e-03
  -2.4085800e-03
  -2.6630361e-03
  -2.8713513e-03
  -3.0541965e-03
  -3.2384829e-03
  -3.4126113e-03
  -3.5427694e-03
  -3.6244659e-03
  -3.6879819e-03
  -3.7493451e-03
  -3.7842977e-03
  -3.7661078e-03
  -3.7074485e-03
  -3.6404186e-03
  -3.5663586e-03
  -3.4546459e-03
  -3.2921790e-03
  -3.1053413e-03
  -2.9200020e-03
  -2.7228123e-03
  -2.4846793e-03
  -2.2092052e-03
  -1.9296713e-03
  -1.6594844e-03
  -1.3743646e-03
  -1.0541438e-03
  -7.1801905e-04
  -3.9778991e-04
  -9.1463481e-05
   2.2966249e-04
   5.7182175e-04
   9.0521542e-04
   1.2073003e-03
   1.4944755e-03
   1.7923764e-03
   2.0918750e-03
   2.3601472e-03
   2.5891898e-03
   2.8052099e-03
   3.0242697e-03
   3.2243550e-03
   3.3778040e-03
   3.4927397e-03
   3.5982462e-03
   3.6968806e-03
   3.7594764e-03
   3.7702938e-03
   3.7511475e-03
   3.7265727e-03
   3.6851974e-03
   3.5981850e-03
   3.4654504e-03
   3.3167244e-03
   3.1659201e-03
   2.9909047e-03
   2.7704881e-03
   2.5200607e-03
   2.2696824e-03
   2.0193785e-03
   1.7421619e-03
   1.4298503e-03
   1.1092697e-03
   8.0331478e-04
   4.9846164e-04
   1.6995799e-04
  -1.7529416e-04
  -5.0588506e-04
  -8.1167366e-04
  -1.1159027e-03
  -1.4346138e-03
  -1.7476024e-03
  -2.0268025e-03
  -2.2771207e-03
  -2.5252437e-03
  -2.7742788e-03
  -2.9959319e-03
  -3.1725329e-03
  -3.3224434e-03
  -3.4687128e-03
  -3.6006904e-03
  -3.6892976e-03
  -3.7316662e-03
  -3.7545796e-03
  -3.7713751e-03
  -3.7605042e-03
  -3.6996512e-03
  -3.6013256e-03
  -3.4936095e-03
  -3.3766802e-03
  -3.2238837e-03
  -3.0255264e-03
  -2.8060673e-03
  -2.5875199e-03
  -2.3570621e-03
  -2.0901205e-03
  -1.7921970e-03
  -1.4932021e-03
  -1.2034005e-03
  -9.0069161e-04
  -5.6927041e-04
  -2.2835657e-04
   9.4538572e-05
   4.0333318e-04
   7.2319380e-04
   1.0567990e-03
   1.3763463e-03
   1.6638781e-03
   1.9360290e-03
   2.2140343e-03
   2.4866958e-03
   2.7250176e-03
   2.9251280e-03
   3.1115090e-03
   3.2956008e-03
   3.4554227e-03
   3.5684664e-03
   3.6456137e-03
   3.7123397e-03
   3.7672291e-03
   3.7835546e-03
   3.7512128e-03
   3.6925423e-03
   3.6270582e-03
   3.5411059e-03
   3.4105115e-03
   3.2400974e-03
   3.0574223e-03
   2.8709022e-03
   2.6586811e-03
   2.4057254e-03
   2.1302445e-03
   1.8575826e-03
   1.5831507e-03
   1.2831243e-03
   9.5566561e-04
   6.2730575e-04
   3.1453803e-04
   1.5265262e-06
  -3.3084220e-04
  -6.7081650e-04
  -9.9067935e-04
  -1.2868451e-03
  -1.5816326e-03
  -1.8841557e-03
  -2.1723798e-03
  -2.4247015e-03
  -2.6508870e-03
  -2.8733827e-03
  -3.0888787e-03
  -3.2710631e-03
  -3.4099850e-03
  -3.5256404e-03
  -3.6344027e-03
  -3.7216129e-03
  -3.7637450e-03
  -3.7648248e-03
  -3.7493888e-03
  -3.7233793e-03
  -3.6649618e-03
  -3.5596599e-03
  -3.4240563e-03
  -3.2805422e-03
  -3.1232832e-03
  -2.9293360e-03
  -2.6970715e-03
  -2.4509819e-03
  -2.2054003e-03
  -1.9446548e-03
  -1.6510275e-03
  -1.3360666e-03
  -1.0255894e-03
  -7.2230115e-04
  -4.0527421e-04
  -6.6923110e-05
   2.7119012e-04
   5.8872987e-04
   8.9494309e-04
   1.2100651e-03
   1.5294240e-03
   1.8272128e-03
   2.0938264e-03
   2.3475655e-03
   2.6022602e-03
   2.8422216e-03
   3.0442720e-03
   3.2118364e-03
   3.3670050e-03
   3.5133070e-03
   3.6282876e-03
   3.6975887e-03
   3.7364522e-03
   3.7645482e-03
   3.7741369e-03
   3.7421351e-03
   3.6668319e-03
   3.5709485e-03
   3.4662755e-03
   3.3360309e-03
   3.1629113e-03
   2.9582580e-03
   2.7459797e-03
   2.5268257e-03
   2.2797726e-03
   1.9982073e-03
   1.7034018e-03
   1.4138970e-03
   1.1194231e-03
   8.0078831e-04
   4.6405222e-04
   1.3460501e-04
  -1.7937279e-04
  -4.9600402e-04
  -8.2700503e-04
  -1.1551992e-03
  -1.4580330e-03
  -1.7396982e-03
  -2.0207693e-03
  -2.3019497e-03
  -2.5596370e-03
  -2.7802947e-03
  -2.9789843e-03
  -3.1726300e-03
  -3.3505887e-03
  -3.4893975e-03
  -3.5881686e-03
  -3.6682922e-03
  -3.7380436e-03
  -3.7784327e-03
  -3.7727587e-03
  -3.7328255e-03
  -3.6800844e-03
  -3.6117943e-03
  -3.5061035e-03
  -3.3578301e-03
  -3.1879579e-03
  -3.0118225e-03
  -2.8166347e-03
  -2.5840946e-03
  -2.3220054e-03
  -2.0544955e-03
  -1.7865381e-03
  -1.4992683e-03
  -1.1833929e-03
  -8.5745342e-04
  -5.4188977e-04
  -2.3024128e-04
   9.6659490e-05
   4.3627805e-04
   7.6461306e-04
   1.0705596e-03
   1.3696883e-03
   1.6756238e-03
   1.9746856e-03
   2.2442031e-03
   2.4852201e-03
   2.7174969e-03
   2.9449885e-03
   3.1468203e-03
   3.3080112e-03
   3.4409922e-03
   3.5637048e-03
   3.6693048e-03
   3.7357581e-03
   3.7598472e-03
   3.7614234e-03
   3.7513200e-03
   3.7140577e-03
   3.6328088e-03
   3.5167505e-03
   3.3872399e-03
   3.2450258e-03
   3.0707153e-03
   2.8575273e-03
   2.6241501e-03
   2.3873275e-03
   2.1378939e-03
   1.8583794e-03
   1.5539371e-03
   1.2473196e-03
   9.4610723e-04
   6.3434126e-04
   3.0170576e-04
  -3.6287902e-05
  -3.5923357e-04
  -6.7041529e-04
  -9.8756901e-04
  -1.3107884e-03
  -1.6186857e-03
  -1.8987705e-03
  -2.1636871e-03
  -2.4275595e-03
  -2.6802577e-03
  -2.9005607e-03
  -3.0870684e-03
  -3.2576984e-03
  -3.4187819e-03
  -3.5529662e-03
  -3.6451031e-03
  -3.7048390e-03
  -3.7499826e-03
  -3.7773252e-03
  -3.7673389e-03
  -3.7150827e-03
  -3.6381502e-03
  -3.5491166e-03
  -3.4363847e-03
  -3.2838815e-03
  -3.0980904e-03
  -2.8994069e-03
  -2.6917509e-03
  -2.4587478e-03
  -2.1924207e-03
  -1.9086942e-03
  -1.6250460e-03
  -1.3359689e-03
  -1.0252571e-03
  -6.9536615e-04
  -3.6712941e-04
  -5.0376863e-05
   2.6782438e-04
   5.9865235e-04
   9.2986584e-04
   1.2415005e-03
   1.5338244e-03
   1.8231177e-03
   2.1121406e-03
   2.3822929e-03
   2.6199388e-03
   2.8349744e-03
   3.0420972e-03
   3.2347348e-03
   3.3931399e-03
   3.5136684e-03
   3.6126849e-03
   3.6989241e-03
   3.7583391e-03
   3.7755893e-03
   3.7578695e-03
   3.7231415e-03
   3.6716125e-03
   3.5858460e-03
   3.4592883e-03
   3.3077810e-03
   3.1456889e-03
   2.9647197e-03
   2.7491795e-03
   2.5032542e-03
   2.2468639e-03
   1.9867158e-03
   1.7086337e-03
   1.4033925e-03
   1.0848260e-03
   7.7129268e-04
   4.6009215e-04
   1.3556765e-04
  -2.0209419e-04
  -5.3327454e-04
  -8.4631930e-04
  -1.1522541e-03
  -1.4633398e-03
  -1.7697610e-03
  -2.0516509e-03
  -2.3072516e-03
  -2.5523529e-03
  -2.7919158e-03
  -3.0091712e-03
  -3.1896538e-03
  -3.3417937e-03
  -3.4812118e-03
  -3.6038562e-03
  -3.6908335e-03
  -3.7372372e-03
  -3.7589841e-03
  -3.7667099e-03
  -3.7484426e-03
  -3.6887406e-03
  -3.5936781e-03
  -3.4818037e-03
  -3.3555243e-03
  -3.1985800e-03
  -3.0036659e-03
  -2.7860439e-03
  -2.5613596e-03
  -2.3231489e-03
  -2.0559305e-03
  -1.7629075e-03
  -1.4640301e-03
  -1.1674750e-03
  -8.6010325e-04
  -5.3214491e-04
  -1.9656876e-04
   1.2783364e-04
   4.4258323e-04
   7.6316250e-04
   1.0903669e-03
   1.4051818e-03
   1.6954217e-03
   1.9715111e-03
   2.2462173e-03
   2.5108425e-03
   2.7459210e-03
   2.9493099e-03
   3.1367937e-03
   3.3142572e-03
   3.4659945e-03
   3.5778535e-03
   3.6581292e-03
   3.7228544e-03
   3.7690842e-03
   3.7788744e-03
   3.7475799e-03
   3.6911773e-03
   3.6209223e-03
   3.5259687e-03
   3.3916897e-03
   3.2243040e-03
   3.0424583e-03
   2.8492614e-03
   2.6295052e-03
   2.3764705e-03
   2.1053280e-03
   1.8317418e-03
   1.5499849e-03
   1.2454779e-03
   9.2160464e-04
   5.9788969e-04
   2.8247359e-04
  -3.7033911e-05
  -3.6979225e-04
  -7.0321453e-04
  -1.0192552e-03
  -1.3193893e-03
  -1.6183934e-03
  -1.9169643e-03
  -2.1970624e-03
  -2.4473734e-03
  -2.6780693e-03
  -2.9013911e-03
  -3.1092377e-03
  -3.2835604e-03
  -3.4228828e-03
  -3.5425156e-03
  -3.6482279e-03
  -3.7256070e-03
  -3.7620131e-03
  -3.7659108e-03
  -3.7527669e-03
  -3.7201561e-03
  -3.6518841e-03
  -3.5444400e-03
  -3.4133813e-03
  -3.2695658e-03
  -3.1033466e-03
  -2.9018630e-03
  -2.6716752e-03
  -2.4305748e-03
  -2.1817410e-03
  -1.9116115e-03
  -1.6147129e-03
  -1.3056194e-03
  -9.9904432e-04
  -6.8996073e-04
  -3.6542662e-04
  -2.9092968e-05
   3.0084687e-04
   6.1688446e-04
   9.3020617e-04
   1.2488757e-03
   1.5611813e-03
   1.8506823e-03
   2.1188528e-03
   2.3791576e-03
   2.6321789e-03
   2.8616483e-03
   3.0575808e-03
   3.2294797e-03
   3.3886693e-03
   3.5280757e-03
   3.6317473e-03
   3.6988105e-03
   3.7435357e-03
   3.7715845e-03
   3.7704659e-03
   3.7292990e-03
   3.6562518e-03
   3.5658602e-03
   3.4565671e-03
   3.3143932e-03
   3.1367148e-03
   2.9380951e-03
   2.7290058e-03
   2.5014561e-03
   2.2443785e-03
   1.9641134e-03
   1.6772418e-03
   1.3873199e-03
   1.0826995e-03
   7.5872519e-04
   4.2879971e-04
   1.0672515e-04
  -2.1146908e-04
  -5.3722673e-04
  -8.6727448e-04
  -1.1850462e-03
  -1.4833217e-03
  -1.7719368e-03
  -2.0583977e-03
  -2.3323993e-03
  -2.5789730e-03
  -2.7992205e-03
  -3.0055175e-03
  -3.1990054e-03
  -3.3653473e-03
  -3.4954241e-03
  -3.5979418e-03
  -3.6838676e-03
  -3.7476041e-03
  -3.7749979e-03
  -3.7652894e-03
  -3.7319445e-03
  -3.6811604e-03
  -3.6023513e-03
  -3.4857637e-03
  -3.3390700e-03
  -3.1764103e-03
  -2.9974591e-03
  -2.7899506e-03
  -2.5515063e-03
  -2.2959134e-03
  -2.0338515e-03
  -1.7588223e-03
  -1.4607547e-03
  -1.1454723e-03
  -8.2887969e-04
  -5.1522384e-04
  -1.9410211e-04
   1.3907781e-04
   4.7187243e-04
   7.9079874e-04
   1.0989909e-03
   1.4073067e-03
   1.7132021e-03
   2.0011367e-03
   2.2638452e-03
   2.5105496e-03
   2.7489881e-03
   2.9700162e-03
   3.1594552e-03
   3.3182064e-03
   3.4585110e-03
   3.5823941e-03
   3.6767213e-03
   3.7328104e-03
   3.7592609e-03
   3.7674472e-03
   3.7529246e-03
   3.7024869e-03
   3.6155489e-03
   3.5057001e-03
   3.3799161e-03
   3.2286481e-03
   3.0426934e-03
   2.8298120e-03
   2.6044764e-03
   2.3671752e-03
   2.1063276e-03
   1.8197461e-03
   1.5213128e-03
   1.2220951e-03
   9.1612413e-04
   5.9360111e-04
   2.6032933e-04
  -6.7733828e-05
  -3.8612627e-04
  -7.0513797e-04
  -1.0294241e-03
  -1.3466605e-03
  -1.6434811e-03
  -1.9231657e-03
  -2.1967969e-03
  -2.4620704e-03
  -2.7036869e-03
  -2.9147847e-03
  -3.1050988e-03
  -3.2827399e-03
  -3.4388455e-03
  -3.5597072e-03
  -3.6469528e-03
  -3.7134924e-03
  -3.7616802e-03
  -3.7786989e-03
  -3.7566313e-03
  -3.7050111e-03
  -3.6357316e-03
  -3.5445189e-03
  -3.4186333e-03
  -3.2584882e-03
  -3.0785238e-03
  -2.8858603e-03
  -2.6709866e-03
  -2.4254129e-03
  -2.1579316e-03
  -1.8834193e-03
  -1.6020893e-03
  -1.3024340e-03
  -9.8317331e-04
  -6.5893661e-04
  -3.4051841e-04
  -2.1393818e-05
   3.0793073e-04
   6.4077257e-04
   9.6106028e-04
   1.2652424e-03
   1.5641598e-03
   1.8618840e-03
   2.1455581e-03
   2.4025409e-03
   2.6373621e-03
   2.8613304e-03
   3.0714576e-03
   3.2525726e-03
   3.3992728e-03
   3.5224421e-03
   3.6299190e-03
   3.7123819e-03
   3.7570843e-03
   3.7674234e-03
   3.7569223e-03
   3.7272730e-03
   3.6657488e-03
   3.5661063e-03
   3.4393799e-03
   3.2972803e-03
   3.1348337e-03
   2.9401240e-03
   2.7154922e-03
   2.4760894e-03
   2.2281243e-03
   1.9617599e-03
   1.6699841e-03
   1.3631250e-03
   1.0556983e-03
   7.4667753e-04
   4.2488208e-04
   9.0763831e-05
  -2.4047332e-04
  -5.5938714e-04
  -8.7351543e-04
  -1.1913536e-03
  -1.5048542e-03
  -1.7986049e-03
  -2.0709321e-03
  -2.3330166e-03
  -2.5875533e-03
  -2.8212727e-03
  -3.0232964e-03
  -3.1998637e-03
  -3.3617964e-03
  -3.5048961e-03
  -3.6148114e-03
  -3.6884823e-03
  -3.7377087e-03
  -3.7692065e-03
  -3.7731966e-03
  -3.7388349e-03
  -3.6716642e-03
  -3.5850342e-03
  -3.4793622e-03
  -3.3425579e-03
  -3.1708188e-03
  -2.9763836e-03
  -2.7698278e-03
  -2.5453540e-03
  -2.2926905e-03
  -2.0163744e-03
  -1.7314180e-03
  -1.4424133e-03
  -1.1396054e-03
  -8.1814144e-04
  -4.8953250e-04
  -1.6690810e-04
   1.5219551e-04
   4.7790273e-04
   8.0781596e-04
   1.1270110e-03
   1.4281514e-03
   1.7194410e-03
   2.0077108e-03
   2.2839030e-03
   2.5342745e-03
   2.7592256e-03
   2.9695698e-03
   3.1663707e-03
   3.3367343e-03
   3.4722721e-03
   3.5805492e-03
   3.6711812e-03
   3.7390394e-03
   3.7715001e-03
   3.7679823e-03
   3.7404387e-03
   3.6940939e-03
   3.6193886e-03
   3.5080153e-03
   3.3671861e-03
   3.2092725e-03
   3.0335700e-03
   2.8293996e-03
   2.5954603e-03
   2.3443414e-03
   2.0849918e-03
   1.8113585e-03
   1.5153430e-03
   1.2031274e-03
   8.8871001e-04
   5.7510054e-04
   2.5331158e-04
  -7.9333678e-05
  -4.1105614e-04
  -7.3066471e-04
  -1.0415573e-03
  -1.3523257e-03
  -1.6591751e-03
  -1.9483531e-03
  -2.2146430e-03
  -2.4662331e-03
  -2.7082549e-03
  -2.9315318e-03
  -3.1245161e-03
  -3.2891785e-03
  -3.4354494e-03
  -3.5632228e-03
  -3.6608224e-03
  -3.7223217e-03
  -3.7558596e-03
  -3.7697281e-03
  -3.7586507e-03
  -3.7121724e-03
  -3.6316316e-03
  -3.5285066e-03
  -3.4068626e-03
  -3.2581068e-03
  -3.0763453e-03
  -2.8696167e-03
  -2.6490815e-03
  -2.4135549e-03
  -2.1541254e-03
  -1.8713623e-03
  -1.5774608e-03
  -1.2799656e-03
  -9.7321864e-04
  -6.5109742e-04
  -3.2053556e-04
   5.8128218e-06
   3.2597527e-04
   6.4784832e-04
   9.7259853e-04
   1.2889720e-03
   1.5875409e-03
   1.8720322e-03
   2.1496926e-03
   2.4162035e-03
   2.6593456e-03
   2.8754820e-03
   3.0724237e-03
   3.2542270e-03
   3.4123418e-03
   3.5372187e-03
   3.6317611e-03
   3.7051027e-03
   3.7567580e-03
   3.7765804e-03
   3.7604905e-03
   3.7167517e-03
   3.6528413e-03
   3.5639664e-03
   3.4415831e-03
   3.2882182e-03
   3.1148221e-03
   2.9249801e-03
   2.7112804e-03
   2.4695394e-03
   2.2080768e-03
   1.9372094e-03
   1.6557987e-03
   1.3563862e-03
   1.0405869e-03
   7.2004330e-04
   4.0148451e-04
   7.9784785e-05
  -2.4994004e-04
  -5.8061032e-04
  -9.0064332e-04
  -1.2086146e-03
  -1.5116559e-03
  -1.8102748e-03
  -2.0939223e-03
  -2.3543816e-03
  -2.5955688e-03
  -2.8240725e-03
  -3.0356507e-03
  -3.2193450e-03
  -3.3725647e-03
  -3.5030182e-03
  -3.6144662e-03
  -3.6991087e-03
  -3.7488118e-03
  -3.7671793e-03
  -3.7631245e-03
  -3.7363115e-03
  -3.6777682e-03
  -3.5846418e-03
  -3.4654882e-03
  -3.3276151e-03
  -3.1667524e-03
  -2.9756065e-03
  -2.7575302e-03
  -2.5234065e-03
  -2.2767657e-03
  -2.0109237e-03
  -1.7227102e-03
  -1.4207770e-03
  -1.1151234e-03
  -8.0463544e-04
  -4.8257350e-04
  -1.5114883e-04
   1.7815955e-04
   4.9909303e-04
   8.1673629e-04
   1.1354561e-03
   1.4480439e-03
   1.7434985e-03
   2.0209680e-03
   2.2875680e-03
   2.5435880e-03
   2.7788006e-03
   2.9858573e-03
   3.1692993e-03
   3.3357403e-03
   3.4810110e-03
   3.5948651e-03
   3.6757281e-03
   3.7318814e-03
   3.7671422e-03
   3.7740238e-03
   3.7453813e-03
   3.6858389e-03
   3.6046903e-03
   3.5016462e-03
   3.3682567e-03
   3.2027740e-03
   3.0145953e-03
   2.8111036e-03
   2.5880322e-03
   2.3387889e-03
   2.0677669e-03
   1.7862897e-03
   1.4976193e-03
   1.1950666e-03
   8.7626471e-04
   5.5064087e-04
   2.2806275e-04
  -9.3146791e-05
  -4.1963895e-04
  -7.4843422e-04
  -1.0677642e-03
  -1.3720985e-03
  -1.6672270e-03
  -1.9572510e-03
  -2.2344053e-03
  -2.4880660e-03
  -2.7185537e-03
  -2.9335849e-03
  -3.1330274e-03
  -3.3065033e-03
  -3.4477321e-03
  -3.5625779e-03
  -3.6578997e-03
  -3.7290875e-03
  -3.7663240e-03
  -3.7695872e-03
  -3.7482556e-03
  -3.7059219e-03
  -3.6348429e-03
  -3.5289378e-03
  -3.3944731e-03
  -3.2412501e-03
  -3.0683843e-03
  -2.8675628e-03
  -2.6385682e-03
  -2.3920628e-03
  -2.1351425e-03
  -1.8628428e-03
  -1.5692358e-03
  -1.2603130e-03
  -9.4787330e-04
  -6.3417736e-04
  -3.1206016e-04
   1.9707267e-05
   3.5053187e-04
   6.7108578e-04
   9.8440157e-04
   1.2971187e-03
   1.6049491e-03
   1.8958196e-03
   2.1656668e-03
   2.4214973e-03
   2.6668188e-03
   2.8928597e-03
   3.0897654e-03
   3.2598187e-03
   3.4113768e-03
   3.5432982e-03
   3.6449510e-03
   3.7117952e-03
   3.7515116e-03
   3.7707898e-03
   3.7640078e-03
   3.7220851e-03
   3.6472590e-03
   3.5499766e-03
   3.4329119e-03
   3.2878039e-03
   3.1102201e-03
   2.9085035e-03
   2.6924287e-03
   2.4598174e-03
   2.2026760e-03
   1.9229351e-03
   1.6324468e-03
   1.3372045e-03
   1.0311399e-03
   7.0951055e-04
   3.8029017e-04
   5.5153468e-05
  -2.6542889e-04
  -5.8902343e-04
  -9.1512072e-04
  -1.2320272e-03
  -1.5318423e-03
  -1.8194243e-03
  -2.1008925e-03
  -2.3702452e-03
  -2.6156667e-03
  -2.8353830e-03
  -3.0375764e-03
  -3.2244832e-03
  -3.3863135e-03
  -3.5148454e-03
  -3.6147750e-03
  -3.6945541e-03
  -3.7515082e-03
  -3.7751913e-03
  -3.7636069e-03
  -3.7261642e-03
  -3.6685742e-03
  -3.5840586e-03
  -3.4650296e-03
  -3.3163875e-03
  -3.1490321e-03
  -2.9640160e-03
  -2.7528590e-03
  -2.5135292e-03
  -2.2562868e-03
  -1.9899557e-03
  -1.7107628e-03
  -1.4116717e-03
  -1.0971519e-03
  -7.7956715e-04
