  0.0000000E+00
  2.5285851E-07
  3.4968508E-09
  1.8735179E-07
 -1.0270202E-07
  7.1575897E-08
 -3.4679246E-07
  4.3188561E-07
 -2.2691677E-07
 -8.1323364E-08
  1.6561476E-07
 -2.4937495E-07
  1.6902459E-07
  4.9229953E-08
  1.7547107E-07
 -1.8886817E-07
  9.6643447E-08
  4.4504702E-08
  3.2970743E-08
  7.8110062E-08
 -1.8922053E-07
  7.6070890E-08
  2.3197819E-07
 -7.5604021E-08
  4.2780073E-08
 -5.1176158E-08
  3.0931076E-07
 -2.2183440E-07
  2.4507415E-07
 -2.2565305E-07
  4.5301431E-07
 -2.2565769E-07
  3.6803686E-07
 -9.6817473E-08
  7.6694107E-08
 -1.9554992E-07
  2.8441946E-07
 -2.6811810E-07
  2.7094507E-07
 -4.7520888E-07
  2.8896159E-07
 -3.6959031E-07
  1.6805231E-07
 -3.0007288E-07
  2.3460302E-07
 -5.9340849E-08
  1.3811200E-07
 -1.3267676E-08
  7.9155448E-08
 -1.0462919E-07
  2.2250532E-08
 -7.1543496E-08
  3.2660586E-07
 -1.4540902E-07
 -3.9041360E-08
 -1.3645092E-07
  1.2348519E-07
 -2.9912354E-07
  1.2592554E-07
 -4.1664515E-07
  4.3404609E-07
 -1.4039736E-07
  2.4446109E-07
 -7.4220745E-09
 -3.0936823E-07
  4.7868787E-07
 -3.2442441E-07
  4.3833592E-07
 -7.7941309E-08
  1.3635656E-07
 -1.0500955E-08
  3.4560898E-08
 -9.7235606E-08
  5.9914682E-09
 -1.7760351E-07
  3.2341268E-07
 -2.6968411E-07
  4.4010585E-07
 -3.4873187E-07
  3.1081481E-07
 -4.1779998E-07
  2.5482007E-07
 -2.3960530E-07
  4.6460138E-07
 -4.3854706E-07
 -3.0583404E-08
  3.2000344E-07
 -2.9420286E-07
  4.2932976E-07
 -1.8103280E-07
  7.1212938E-08
  2.3512305E-07
 -1.7549760E-07
  3.0166916E-07
  1.3927801E-07
 -7.7252679E-08
 -1.2233178E-07
 -5.2689700E-08
 -2.0933064E-07
  1.7390076E-07
 -4.9318544E-08
  5.1833530E-07
 -3.7346871E-07
  4.3615722E-07
 -3.9512764E-07
  4.5311651E-07
 -6.8988714E-07
  7.4144140E-07
 -6.3306345E-07
  6.1435554E-07
 -6.2201354E-07
  4.7110245E-07
 -4.2677215E-07
  7.4849947E-07
 -4.8580887E-07
  4.6341162E-07
 -5.2256831E-07
  4.3171369E-07
 -1.9703535E-07
  2.5725842E-07
 -2.5958650E-07
  3.2666850E-07
  1.2155829E-07
 -9.2669239E-08
  1.2251532E-07
  5.5774549E-08
  1.8405350E-07
 -2.6996128E-07
  3.5752720E-07
 -5.0905834E-07
  4.8179686E-07
 -4.4412877E-07
  3.8039099E-07
 -5.3862493E-07
  6.4152857E-07
 -6.8979091E-07
  6.6357268E-07
 -5.8689812E-07
  4.6303177E-07
 -5.7890827E-07
  8.1594101E-07
 -5.8551450E-07
  5.4157215E-07
 -5.5732494E-07
  4.5102422E-07
 -4.5857357E-07
  5.2538149E-07
 -4.2972030E-07
  2.2329340E-07
  3.1827540E-08
 -7.4808668E-08
  2.7617949E-07
 -4.6185795E-07
  2.8019923E-07
 -6.3534941E-08
  9.9936642E-08
 -3.9198966E-07
  5.4383202E-07
 -6.0877005E-07
  7.0392662E-07
 -8.7190836E-07
  7.3045823E-07
 -8.0531333E-07
  7.7972334E-07
 -1.0798663E-06
  1.1124132E-06
 -9.5942653E-07
  1.0458282E-06
 -1.0121557E-06
  5.9626126E-07
 -6.5188493E-07
  3.4540318E-07
 -4.9200241E-07
  7.8187702E-07
 -4.8657660E-07
  3.5423517E-07
 -1.5937688E-07
  1.1527838E-07
  1.4681433E-08
  1.1063690E-08
  1.4062061E-07
 -4.9228072E-07
  5.3544670E-07
 -5.7131274E-07
  6.8150717E-07
 -8.1387668E-07
  7.6643283E-07
 -6.0655304E-07
  8.9504749E-07
 -9.6257668E-07
  8.9453624E-07
 -8.1331075E-07
  9.8022531E-07
 -7.2347854E-07
  1.8500705E-07
 -5.7139243E-07
  2.9942754E-07
 -1.5224046E-07
 -3.8750011E-07
  5.9198328E-07
 -7.0348210E-07
  5.8234889E-07
 -6.9909231E-07
  5.6446061E-07
 -7.2020225E-07
  8.2970075E-07
 -9.6527322E-07
  9.8173143E-07
 -7.6009735E-07
  5.7874399E-07
 -4.2750949E-07
  3.2898441E-07
 -2.3599648E-07
  9.8325600E-08
 -5.2745833E-08
 -8.1476514E-09
 -2.3444727E-08
  4.2765020E-08
  7.7485680E-08
 -2.6544001E-07
  5.8558692E-07
 -8.2480312E-07
  9.1724951E-07
 -1.0474419E-06
  8.6982755E-07
 -9.8938108E-07
  1.0458048E-06
 -1.1593510E-06
  9.5245275E-07
 -7.8759143E-07
  6.1842900E-07
 -3.4864254E-07
 -1.4778323E-07
  3.8145447E-07
 -4.8699633E-07
  5.9485671E-07
 -7.0063186E-07
  9.9361444E-07
 -1.0175017E-06
  1.2332972E-06
 -1.1089927E-06
  1.2734117E-06
 -1.3616610E-06
  1.2722985E-06
 -1.2013280E-06
  9.1242748E-07
 -8.2527339E-07
  5.6242698E-07
 -2.0381137E-07
 -1.9302104E-07
  6.6967186E-07
 -7.7243158E-07
  8.8237186E-07
 -1.0519777E-06
  1.0424923E-06
 -1.1209296E-06
  1.2325938E-06
 -1.4618261E-06
  1.3257957E-06
 -1.1918856E-06
  9.7672023E-07
 -4.9623139E-07
  1.8034456E-07
  3.5917469E-07
 -5.9548393E-07
  1.2307007E-06
 -1.0811848E-06
  1.4076395E-06
 -9.7873408E-07
  1.3535405E-06
 -5.5020030E-07
  1.1648682E-06
 -5.9477998E-08
  1.8129672E-06
  9.1031961E-07
  2.0369580E-06
  3.7400634E-06
  3.4273098E-06
  7.6844271E-06
  6.7894480E-06
  1.4657862E-05
  1.5277503E-05
  2.6700258E-05
  3.1894881E-05
  4.8152047E-05
  6.3414307E-05
  8.7841552E-05
  1.1934959E-04
  1.5996100E-04
  2.1778278E-04
  2.8774620E-04
  3.8732516E-04
  5.0847704E-04
  6.7412347E-04
  8.7946764E-04
  1.1507438E-03
  1.4901216E-03
  1.9249019E-03
  2.4720817E-03
  3.1572378E-03
  4.0162867E-03
  5.0753532E-03
  6.3913190E-03
  7.9953540E-03
  9.9638607E-03
  1.2341429E-02
  1.5218969E-02
  1.8663894E-02
  2.2776185E-02
  2.7653199E-02
  3.3398919E-02
  4.0141053E-02
  4.7987327E-02
  5.7088219E-02
  6.7555577E-02
  7.9546578E-02
  9.3180582E-02
  0.1085989    
  0.1259249    
  0.1452660    
  0.1667325    
  0.1903861    
  0.2162994    
  0.2444759    
  0.2749271    
  0.3075879    
  0.3423801    
  0.3791671    
  0.4177649    
  0.4579541    
  0.4994436    
  0.5419303    
  0.5850247    
  0.6283410    
  0.6714214    
  0.7138051    
  0.7550045    
  0.7945076    
  0.8318307    
  0.8664653    
  0.8979554    
  0.9258474    
  0.9497498    
  0.9693113    
  0.9842362    
  0.9943140    
  0.9993703    
  0.9993529    
  0.9942440    
  0.9841278    
  0.9691630    
  0.9495614    
  0.9256346    
  0.8977079    
  0.8662038    
  0.8315500    
  0.7942199    
  0.7547157    
  0.7135155    
  0.6711489    
  0.6280743    
  0.5847820    
  0.5417066    
  0.4992434    
  0.4577838    
  0.4176176    
  0.3790504    
  0.3422916    
  0.3075214    
  0.2748916    
  0.2444584    
  0.2163040    
  0.1904127    
  0.1667649    
  0.1453250    
  0.1259801    
  0.1086706    
  9.3257450E-02
  7.9616964E-02
  6.7643218E-02
  5.7158854E-02
  4.8066422E-02
  4.0216804E-02
  3.3462562E-02
  2.7722823E-02
  2.2835750E-02
  1.8713690E-02
  1.5275552E-02
  1.2382027E-02
  9.9989120E-03
  8.0406582E-03
  6.4031547E-03
  5.0744773E-03
  3.9493879E-03
  2.9571094E-03
  2.1657888E-03
  1.5445596E-03
  9.9454867E-04
  4.8584156E-04
  0.0000000E+00
